Principal component analysis results

PCA loadings
                PC1         PC2          PC3         PC4          PC5         PC6
bio1   0.3100035685 -0.16681365  0.103618523 -0.06681899 -0.007529136  0.09161445
bio2  -0.0646987281 -0.35582531 -0.058106301 -0.29667285 -0.135661305 -0.61662660
bio3   0.2525068344  0.05766812  0.192659414  0.29764383 -0.045700179 -0.62986258
bio4  -0.2829241484 -0.14513277 -0.067331248 -0.33372947 -0.163906532  0.11701611
bio5   0.2517964618 -0.27739330  0.068736209 -0.21487523 -0.096323213  0.11870153
bio6   0.3281607034 -0.06066347  0.129892309  0.07405784  0.020204065  0.10121338
bio7  -0.2363366117 -0.24089752 -0.131676526 -0.38828537 -0.152408924 -0.02229739
bio8   0.2839418388 -0.12080107  0.019783743 -0.13300884  0.202909841 -0.06525793
bio9   0.2611978975 -0.19004354  0.146010464 -0.05201607 -0.233512468  0.21946316
bio10  0.2731894631 -0.24201224  0.097216541 -0.16938881 -0.076065173  0.14744455
bio11  0.3268282719 -0.09924474  0.102051506  0.03743844  0.027962295  0.04361915
bio12  0.2096234220  0.31532971 -0.231734056 -0.15020406 -0.089786644  0.05354474
bio13  0.2165302618  0.24171227 -0.383293665 -0.10981384 -0.124489902  0.02565045
bio14 -0.0007568879  0.29398816  0.460541805 -0.36784079 -0.014729876 -0.03008854
bio15  0.2031707539 -0.16769773 -0.360209685 -0.09764419  0.106685589 -0.16978915
bio16  0.2192323015  0.24740043 -0.372407542 -0.13714464 -0.097474167  0.06204263
bio17  0.0119082108  0.32621282  0.403319413 -0.38088869  0.034961778 -0.04850764
bio18  0.1203102338  0.26249257 -0.140777199 -0.32694267  0.406336034 -0.20595470
bio19  0.0622756343  0.23334841  0.009364044  0.06635224 -0.778724386 -0.13484781
                PC7           PC8         PC9         PC10         PC11         PC12
bio1  -7.379629e-02 -0.0463703468  0.01530275 -0.125283083  0.061617230 -0.148556219
bio2  -4.586068e-02  0.2054543246  0.13970890 -0.215217604 -0.194663414  0.210527922
bio3  -3.165071e-02  0.2039700683  0.08068872  0.325301565  0.194696622 -0.310407858
bio4  -1.368091e-01 -0.0575593921 -0.03158539  0.382042328  0.212287863 -0.490479607
bio5  -6.459308e-02  0.0191372040  0.11200724 -0.219578856  0.046182820 -0.097427544
bio6  -4.778426e-02  0.0001431776  0.01175486 -0.172562913  0.006564205 -0.130136915
bio7  -1.647882e-05  0.0233537117  0.11849720  0.016812082  0.045997322  0.096713515
bio8   2.367746e-02 -0.6111475144  0.37080266  0.475818623 -0.094537623  0.296519011
bio9  -9.692822e-02  0.4158810255 -0.41222496  0.498384798 -0.175565909  0.368941059
bio10 -1.038192e-01 -0.0271613024  0.02969277 -0.101735449  0.143532361 -0.280201480
bio11 -1.860757e-02 -0.0049518006  0.03440142 -0.226647313 -0.006601605  0.014291641
bio12 -2.406997e-02  0.1717445281  0.18429663 -0.100194515 -0.106447377  0.153373291
bio13  8.996653e-02  0.1828928806  0.21827808  0.204163092  0.120189866 -0.162053807
bio14  3.158748e-01  0.0714364518  0.01211457 -0.050297058  0.601127170  0.287761872
bio15  6.248271e-01 -0.1866204120 -0.54480134 -0.026950650  0.051716097 -0.095986782
bio16  6.274654e-02  0.1713877096  0.19422341 -0.007939965 -0.030343312 -0.005052088
bio17  2.123079e-01 -0.0132777245 -0.04422962  0.033658340 -0.639304676 -0.332839873
bio18 -6.102386e-01 -0.0937043532 -0.41499998 -0.050442490  0.105745823  0.036479933
bio19 -1.579064e-01 -0.4705128451 -0.21460339 -0.112715199 -0.004533518  0.064826801
              PC13         PC14         PC15         PC16         PC17          PC18
bio1   0.075437555  0.115213645  0.191414968 -0.573011179  0.608630879  0.2205667878
bio2   0.320385753  0.272564730 -0.022969332  0.089794977  0.031662256  0.0167161875
bio3  -0.316929319 -0.121919664 -0.026248792 -0.054002263 -0.015872398 -0.0051851069
bio4  -0.010474485  0.379426097 -0.065162573  0.135360843  0.165201107 -0.3063808936
bio5  -0.221370740 -0.364875524 -0.106126866  0.436502689  0.192943769  0.0177229144
bio6   0.066145403  0.032418705 -0.141012662  0.473816741  0.176767699  0.0346624879
bio7  -0.383110057 -0.503829902  0.104109164 -0.251309837 -0.056653316 -0.0359026126
bio8   0.005030367  0.052746188 -0.032015539  0.048723779 -0.013796091  0.0072679525
bio9   0.028053161 -0.001867822 -0.022738857  0.002605100 -0.004212946 -0.0005876554
bio10  0.033474100  0.178770410  0.030040138 -0.148549196 -0.701527734  0.3620442168
bio11  0.063767943 -0.011452669  0.078701371 -0.217624598 -0.186339763 -0.8504044016
bio12 -0.536061153  0.441703008  0.399821675  0.134455775  0.010068899  0.0004667971
bio13  0.526445061 -0.319686938  0.396033946  0.107068086 -0.017219652  0.0059328989
bio14  0.079020828  0.059536194 -0.049865633  0.021480515  0.024228761 -0.0011152924
bio15 -0.107667796  0.044710566  0.031446233  0.042796301  0.005211865 -0.0023874915
bio16 -0.023402655  0.036704200 -0.766008996 -0.242450047  0.019622773 -0.0030097727
bio17  0.022892719 -0.106774741  0.008995368 -0.039850174 -0.026417420  0.0008143983
bio18  0.017881963 -0.114642510 -0.012487320  0.012128113 -0.012888685 -0.0010903856
bio19  0.034948803 -0.044322975 -0.009521303 -0.001603337 -0.002450130  0.0001864577
               PC19
bio1   5.459645e-15
bio2  -6.531952e-17
bio3  -2.840811e-16
bio4   1.842511e-15
bio5   5.357100e-01
bio6  -7.240041e-01
bio7  -4.345489e-01
bio8  -1.781442e-16
bio9  -2.505163e-16
bio10  1.188590e-15
bio11  3.613056e-15
bio12 -4.663616e-16
bio13  2.581696e-16
bio14  5.145648e-17
bio15  1.561019e-16
bio16  2.964385e-16
bio17  2.227304e-16
bio18 -2.137936e-17
bio19  9.351292e-17


PCA summary
                             PC1       PC2        PC3        PC4        PC5        PC6
Standard deviation     2.9492960 2.1535466 1.32057678 1.10204752 0.99937071 0.75812361
Proportion of Variance 0.4578077 0.2440928 0.09178542 0.06392151 0.05256536 0.03025007
Cumulative Proportion  0.4578077 0.7019005 0.79368593 0.85760744 0.91017280 0.94042287
                              PC7        PC8        PC9        PC10        PC11
Standard deviation     0.65246013 0.56350517 0.47436621 0.232147722 0.217547624
Proportion of Variance 0.02240549 0.01671253 0.01184333 0.002836451 0.002490893
Cumulative Proportion  0.96282836 0.97954089 0.99138422 0.994220671 0.996711564
                              PC12        PC13        PC14         PC15         PC16
Standard deviation     0.180531420 0.129644381 0.083901045 0.0579729894 0.0477653156
Proportion of Variance 0.001715347 0.000884614 0.000370494 0.0001768878 0.0001200803
Cumulative Proportion  0.998426911 0.999311525 0.999682019 0.9998589069 0.9999789871
                               PC17         PC18         PC19
Standard deviation     1.839337e-02 7.805643e-03 7.906478e-15
Proportion of Variance 1.780611e-05 3.206740e-06 3.290126e-30
Cumulative Proportion  9.999968e-01 1.000000e+00 1.000000e+00
